0.0
5.000000237487257E-4
0.0010000000474974513
0.001500000071246177
0.0020000000949949026
0.0025000001187436283
0.003000000142492354
0.0035000001662410796
0.004000000189989805
0.004500000213738531
0.0050000002374872565
0.005500000261235982
0.006000000284984708
0.0065000003087334335
0.007000000332482159
0.007500000356230885
0.00800000037997961
0.008500000403728336
0.009000000427477062
0.009500000451225787
0.010000000474974513
0.010500000498723239
0.011000000522471964
0.01150000054622069
0.012000000569969416
0.012500000593718141
0.013000000617466867
0.013500000641215593
0.014000000664964318
0.014500000688713044
0.01500000071246177
0.015500000736210495
0.01600000075995922
0.016500000783707947
0.017000000807456672
0.017500000831205398
0.018000000854954123
0.01850000087870285
0.019000000902451575
0.0195000009262003
0.020000000949949026
0.020500000973697752
0.021000000997446477
0.021500001021195203
0.02200000104494393
0.022500001068692654
0.02300000109244138
0.023500001116190106
0.02400000113993883
0.024500001163687557
0.025000001187436283
0.02550000121118501
0.026000001234933734
0.02650000125868246
0.027000001282431185
0.02750000130617991
0.028000001329928637
0.028500001353677362
0.029000001377426088
0.029500001401174814
0.03000000142492354
0.030500001448672265
0.03100000147242099
0.031500001496169716
0.03200000151991844
0.03250000154366717
0.03300000156741589
0.03350000159116462
0.034000001614913344
0.03450000163866207
0.035000001662410796
0.03550000168615952
0.03600000170990825
0.03650000173365697
0.0370000017574057
0.037500001781154424
0.03800000180490315
0.038500001828651875
0.0390000018524006
0.03950000187614933
0.04000000189989805
0.04050000192364678
0.041000001947395504
0.04150000197114423
0.042000001994892955
0.04250000201864168
0.043000002042390406
0.04350000206613913
0.04400000208988786
0.04450000211363658
0.04500000213738531
0.045500002161134034
0.04600000218488276
0.046500002208631486
0.04700000223238021
0.04750000225612894
0.04800000227987766
0.04850000230362639
0.049000002327375114
0.04950000235112384
0.050000002374872565
0.05050000239862129
0.05100000242237002
0.05150000244611874
0.05200000246986747
0.052500002493616194
0.05300000251736492
0.053500002541113645
0.05400000256486237
0.054500002588611096
0.05500000261235982
0.05550000263610855
0.05600000265985727
0.056500002683606
0.057000002707354724
0.05750000273110345
0.058000002754852176
0.0585000027786009
0.05900000280234963
0.05950000282609835
0.06000000284984708
0.060500002873595804
0.06100000289734453
0.061500002921093255
0.06200000294484198
0.0625000029685907
0.06300000299233943
0.06350000301608816
0.06400000303983688
0.06450000306358561
0.06500000308733433
0.06550000311108306
0.06600000313483179
0.06650000315858051
0.06700000318232924
0.06750000320607796
0.06800000322982669
0.06850000325357541
0.06900000327732414
0.06950000330107287
0.07000000332482159
0.07050000334857032
0.07100000337231904
0.07150000339606777
0.0720000034198165
0.07250000344356522
0.07300000346731395
0.07350000349106267
0.0740000035148114
0.07450000353856012
0.07500000356230885
0.07550000358605757
0.0760000036098063
0.07650000363355502
0.07700000365730375
0.07750000368105248
0.0780000037048012
0.07850000372854993
0.07900000375229865
0.07950000377604738
0.0800000037997961
0.08050000382354483
0.08100000384729356
0.08150000387104228
0.08200000389479101
0.08250000391853973
0.08300000394228846
0.08350000396603718
0.08400000398978591
0.08450000401353464
0.08500000403728336
0.08550000406103209
0.08600000408478081
0.08650000410852954
0.08700000413227826
0.08750000415602699
0.08800000417977571
0.08850000420352444
0.08900000422727317
0.08950000425102189
0.09000000427477062
0.09050000429851934
0.09100000432226807
0.0915000043460168
0.09200000436976552
0.09250000439351425
0.09300000441726297
0.0935000044410117
0.09400000446476042
0.09450000448850915
0.09500000451225787
0.0955000045360066
0.09600000455975533
0.09650000458350405
0.09700000460725278
0.0975000046310015
0.09800000465475023
0.09850000467849895
0.09900000470224768
0.0995000047259964
